4.500000000000000000e+02 1.870000000000000000e+02 1.080000000000000000e+02 8.600000000000000000e+01
4.500000000000000000e+02 1.860000000000000000e+02 1.070000000000000000e+02 8.800000000000000000e+01
4.500000000000000000e+02 1.870000000000000000e+02 1.070000000000000000e+02 8.700000000000000000e+01
4.500000000000000000e+02 1.870000000000000000e+02 1.070000000000000000e+02 8.700000000000000000e+01
1.056000000000000000e+03 2.180000000000000000e+02 1.400000000000000000e+01 3.800000000000000000e+01
4.500000000000000000e+02 1.860000000000000000e+02 1.060000000000000000e+02 8.700000000000000000e+01
9.500000000000000000e+02 2.400000000000000000e+02 1.500000000000000000e+02 4.500000000000000000e+01
9.510000000000000000e+02 2.400000000000000000e+02 1.490000000000000000e+02 4.400000000000000000e+01
9.510000000000000000e+02 2.400000000000000000e+02 1.440000000000000000e+02 4.300000000000000000e+01
9.500000000000000000e+02 2.400000000000000000e+02 1.500000000000000000e+02 4.500000000000000000e+01
9.510000000000000000e+02 2.400000000000000000e+02 1.490000000000000000e+02 4.400000000000000000e+01
9.510000000000000000e+02 2.400000000000000000e+02 1.480000000000000000e+02 4.500000000000000000e+01
3.650000000000000000e+02 2.450000000000000000e+02 3.000000000000000000e+02 4.900000000000000000e+01
9.500000000000000000e+02 2.400000000000000000e+02 1.510000000000000000e+02 4.600000000000000000e+01
9.490000000000000000e+02 2.400000000000000000e+02 1.470000000000000000e+02 4.600000000000000000e+01
1.208000000000000000e+03 2.580000000000000000e+02 1.470000000000000000e+02 9.600000000000000000e+01
1.209000000000000000e+03 2.580000000000000000e+02 1.470000000000000000e+02 9.600000000000000000e+01
1.209000000000000000e+03 2.580000000000000000e+02 1.470000000000000000e+02 9.600000000000000000e+01
1.209000000000000000e+03 2.580000000000000000e+02 1.470000000000000000e+02 9.600000000000000000e+01
1.209000000000000000e+03 2.580000000000000000e+02 1.460000000000000000e+02 9.600000000000000000e+01
1.209000000000000000e+03 2.580000000000000000e+02 1.470000000000000000e+02 9.600000000000000000e+01
5.840000000000000000e+02 2.810000000000000000e+02 1.410000000000000000e+02 9.900000000000000000e+01
5.840000000000000000e+02 2.810000000000000000e+02 1.420000000000000000e+02 9.900000000000000000e+01
5.830000000000000000e+02 2.810000000000000000e+02 1.430000000000000000e+02 1.000000000000000000e+02
1.097000000000000000e+03 2.560000000000000000e+02 1.280000000000000000e+02 1.200000000000000000e+02
1.097000000000000000e+03 2.560000000000000000e+02 1.270000000000000000e+02 1.190000000000000000e+02
1.098000000000000000e+03 2.550000000000000000e+02 1.260000000000000000e+02 1.190000000000000000e+02
1.209000000000000000e+03 2.580000000000000000e+02 1.460000000000000000e+02 9.600000000000000000e+01
1.209000000000000000e+03 2.580000000000000000e+02 1.460000000000000000e+02 9.600000000000000000e+01
1.208000000000000000e+03 2.580000000000000000e+02 1.460000000000000000e+02 9.600000000000000000e+01
4.340000000000000000e+02 2.830000000000000000e+02 1.510000000000000000e+02 1.250000000000000000e+02
4.340000000000000000e+02 2.830000000000000000e+02 1.510000000000000000e+02 1.240000000000000000e+02
5.840000000000000000e+02 2.810000000000000000e+02 1.420000000000000000e+02 9.900000000000000000e+01
5.840000000000000000e+02 2.810000000000000000e+02 1.430000000000000000e+02 9.900000000000000000e+01
5.830000000000000000e+02 2.810000000000000000e+02 1.420000000000000000e+02 9.900000000000000000e+01
1.054000000000000000e+03 3.170000000000000000e+02 5.800000000000000000e+01 6.500000000000000000e+01
1.055000000000000000e+03 3.160000000000000000e+02 5.700000000000000000e+01 6.500000000000000000e+01
1.098000000000000000e+03 2.560000000000000000e+02 1.270000000000000000e+02 1.200000000000000000e+02
1.098000000000000000e+03 2.560000000000000000e+02 1.260000000000000000e+02 1.200000000000000000e+02
1.098000000000000000e+03 2.560000000000000000e+02 1.260000000000000000e+02 1.190000000000000000e+02
1.209000000000000000e+03 2.580000000000000000e+02 1.480000000000000000e+02 9.600000000000000000e+01
4.340000000000000000e+02 2.830000000000000000e+02 1.510000000000000000e+02 1.240000000000000000e+02
4.330000000000000000e+02 2.830000000000000000e+02 1.520000000000000000e+02 1.240000000000000000e+02
4.330000000000000000e+02 2.830000000000000000e+02 1.520000000000000000e+02 1.250000000000000000e+02
5.830000000000000000e+02 2.810000000000000000e+02 1.420000000000000000e+02 9.900000000000000000e+01
5.840000000000000000e+02 2.810000000000000000e+02 1.430000000000000000e+02 9.900000000000000000e+01
5.830000000000000000e+02 2.810000000000000000e+02 1.420000000000000000e+02 9.900000000000000000e+01
1.055000000000000000e+03 3.170000000000000000e+02 5.700000000000000000e+01 6.500000000000000000e+01
1.055000000000000000e+03 3.170000000000000000e+02 5.700000000000000000e+01 6.500000000000000000e+01
1.099000000000000000e+03 2.570000000000000000e+02 1.260000000000000000e+02 1.190000000000000000e+02
1.099000000000000000e+03 2.560000000000000000e+02 1.260000000000000000e+02 1.210000000000000000e+02
1.098000000000000000e+03 2.560000000000000000e+02 1.270000000000000000e+02 1.180000000000000000e+02
4.330000000000000000e+02 2.830000000000000000e+02 1.520000000000000000e+02 1.240000000000000000e+02
4.330000000000000000e+02 2.830000000000000000e+02 1.520000000000000000e+02 1.240000000000000000e+02
4.330000000000000000e+02 2.830000000000000000e+02 1.520000000000000000e+02 1.240000000000000000e+02
5.840000000000000000e+02 2.810000000000000000e+02 1.440000000000000000e+02 9.900000000000000000e+01
9.190000000000000000e+02 3.360000000000000000e+02 8.600000000000000000e+01 7.400000000000000000e+01
9.190000000000000000e+02 3.360000000000000000e+02 8.600000000000000000e+01 7.400000000000000000e+01
1.054000000000000000e+03 3.170000000000000000e+02 5.600000000000000000e+01 6.500000000000000000e+01
1.055000000000000000e+03 3.170000000000000000e+02 5.600000000000000000e+01 6.500000000000000000e+01
2.250000000000000000e+02 3.130000000000000000e+02 1.370000000000000000e+02 1.530000000000000000e+02
4.330000000000000000e+02 2.820000000000000000e+02 1.530000000000000000e+02 1.240000000000000000e+02
4.330000000000000000e+02 2.820000000000000000e+02 1.530000000000000000e+02 1.240000000000000000e+02
9.180000000000000000e+02 3.360000000000000000e+02 8.600000000000000000e+01 7.400000000000000000e+01
9.180000000000000000e+02 3.360000000000000000e+02 8.600000000000000000e+01 7.400000000000000000e+01
9.180000000000000000e+02 3.350000000000000000e+02 8.600000000000000000e+01 7.500000000000000000e+01
1.054000000000000000e+03 3.170000000000000000e+02 5.600000000000000000e+01 6.500000000000000000e+01
1.054000000000000000e+03 3.160000000000000000e+02 5.700000000000000000e+01 6.500000000000000000e+01
2.250000000000000000e+02 3.130000000000000000e+02 1.360000000000000000e+02 1.530000000000000000e+02
2.260000000000000000e+02 3.130000000000000000e+02 1.360000000000000000e+02 1.530000000000000000e+02
2.250000000000000000e+02 3.130000000000000000e+02 1.370000000000000000e+02 1.530000000000000000e+02
9.180000000000000000e+02 3.360000000000000000e+02 8.600000000000000000e+01 7.500000000000000000e+01
9.180000000000000000e+02 3.360000000000000000e+02 8.600000000000000000e+01 7.500000000000000000e+01
9.180000000000000000e+02 3.350000000000000000e+02 8.600000000000000000e+01 7.500000000000000000e+01
1.288000000000000000e+03 3.220000000000000000e+02 1.410000000000000000e+02 1.370000000000000000e+02
1.288000000000000000e+03 3.230000000000000000e+02 1.400000000000000000e+02 1.360000000000000000e+02
1.288000000000000000e+03 3.240000000000000000e+02 1.400000000000000000e+02 1.340000000000000000e+02
2.250000000000000000e+02 3.110000000000000000e+02 1.360000000000000000e+02 1.540000000000000000e+02
2.260000000000000000e+02 3.120000000000000000e+02 1.360000000000000000e+02 1.530000000000000000e+02
2.250000000000000000e+02 3.120000000000000000e+02 1.360000000000000000e+02 1.530000000000000000e+02
8.200000000000000000e+02 3.500000000000000000e+02 1.080000000000000000e+02 8.700000000000000000e+01
8.200000000000000000e+02 3.500000000000000000e+02 1.080000000000000000e+02 8.700000000000000000e+01
8.190000000000000000e+02 3.500000000000000000e+02 1.090000000000000000e+02 8.700000000000000000e+01
9.180000000000000000e+02 3.360000000000000000e+02 8.600000000000000000e+01 7.400000000000000000e+01
9.180000000000000000e+02 3.360000000000000000e+02 8.600000000000000000e+01 7.400000000000000000e+01
1.288000000000000000e+03 3.230000000000000000e+02 1.400000000000000000e+02 1.360000000000000000e+02
1.288000000000000000e+03 3.230000000000000000e+02 1.400000000000000000e+02 1.370000000000000000e+02
1.288000000000000000e+03 3.230000000000000000e+02 1.410000000000000000e+02 1.360000000000000000e+02
2.250000000000000000e+02 3.130000000000000000e+02 1.350000000000000000e+02 1.520000000000000000e+02
2.260000000000000000e+02 3.130000000000000000e+02 1.350000000000000000e+02 1.510000000000000000e+02
2.240000000000000000e+02 3.140000000000000000e+02 1.370000000000000000e+02 1.500000000000000000e+02
6.380000000000000000e+02 3.270000000000000000e+02 1.500000000000000000e+02 1.450000000000000000e+02
8.200000000000000000e+02 3.500000000000000000e+02 1.080000000000000000e+02 8.800000000000000000e+01
8.200000000000000000e+02 3.500000000000000000e+02 1.080000000000000000e+02 8.700000000000000000e+01
8.190000000000000000e+02 3.500000000000000000e+02 1.090000000000000000e+02 8.700000000000000000e+01
1.287000000000000000e+03 3.220000000000000000e+02 1.410000000000000000e+02 1.370000000000000000e+02
1.288000000000000000e+03 3.210000000000000000e+02 1.390000000000000000e+02 1.370000000000000000e+02
1.289000000000000000e+03 3.220000000000000000e+02 1.390000000000000000e+02 1.360000000000000000e+02
6.390000000000000000e+02 3.270000000000000000e+02 1.500000000000000000e+02 1.450000000000000000e+02
8.190000000000000000e+02 3.500000000000000000e+02 1.080000000000000000e+02 8.700000000000000000e+01
1.135000000000000000e+03 3.720000000000000000e+02 1.430000000000000000e+02 1.290000000000000000e+02
1.135000000000000000e+03 3.720000000000000000e+02 1.450000000000000000e+02 1.280000000000000000e+02
1.287000000000000000e+03 3.240000000000000000e+02 1.410000000000000000e+02 1.350000000000000000e+02
1.350000000000000000e+03 4.100000000000000000e+02 1.350000000000000000e+02 6.800000000000000000e+01
1.134000000000000000e+03 3.720000000000000000e+02 1.460000000000000000e+02 1.290000000000000000e+02
1.135000000000000000e+03 3.720000000000000000e+02 1.390000000000000000e+02 1.280000000000000000e+02
1.135000000000000000e+03 3.710000000000000000e+02 1.390000000000000000e+02 1.290000000000000000e+02
1.348000000000000000e+03 4.090000000000000000e+02 1.380000000000000000e+02 6.800000000000000000e+01
1.348000000000000000e+03 4.090000000000000000e+02 1.380000000000000000e+02 6.800000000000000000e+01
1.349000000000000000e+03 4.090000000000000000e+02 1.360000000000000000e+02 6.800000000000000000e+01
1.134000000000000000e+03 3.710000000000000000e+02 1.440000000000000000e+02 1.290000000000000000e+02
1.135000000000000000e+03 3.720000000000000000e+02 1.390000000000000000e+02 1.280000000000000000e+02
1.135000000000000000e+03 3.720000000000000000e+02 1.400000000000000000e+02 1.280000000000000000e+02
1.336000000000000000e+03 4.090000000000000000e+02 1.500000000000000000e+02 6.900000000000000000e+01
1.348000000000000000e+03 4.090000000000000000e+02 1.380000000000000000e+02 6.800000000000000000e+01
1.347000000000000000e+03 4.090000000000000000e+02 1.380000000000000000e+02 6.800000000000000000e+01
1.134000000000000000e+03 3.720000000000000000e+02 1.470000000000000000e+02 1.280000000000000000e+02
1.135000000000000000e+03 3.720000000000000000e+02 1.480000000000000000e+02 1.280000000000000000e+02
1.334000000000000000e+03 4.080000000000000000e+02 1.520000000000000000e+02 6.900000000000000000e+01
1.347000000000000000e+03 4.090000000000000000e+02 1.390000000000000000e+02 6.900000000000000000e+01
1.350000000000000000e+03 4.090000000000000000e+02 1.360000000000000000e+02 6.900000000000000000e+01
5.150000000000000000e+02 4.630000000000000000e+02 9.400000000000000000e+01 6.200000000000000000e+01
5.150000000000000000e+02 4.640000000000000000e+02 9.400000000000000000e+01 6.700000000000000000e+01
5.150000000000000000e+02 4.630000000000000000e+02 9.400000000000000000e+01 6.400000000000000000e+01
1.197000000000000000e+03 4.540000000000000000e+02 1.310000000000000000e+02 6.600000000000000000e+01
1.197000000000000000e+03 4.540000000000000000e+02 1.300000000000000000e+02 6.600000000000000000e+01
1.198000000000000000e+03 4.540000000000000000e+02 1.290000000000000000e+02 6.700000000000000000e+01
5.140000000000000000e+02 4.630000000000000000e+02 9.400000000000000000e+01 6.600000000000000000e+01
5.150000000000000000e+02 4.630000000000000000e+02 9.400000000000000000e+01 6.600000000000000000e+01
5.140000000000000000e+02 4.630000000000000000e+02 9.400000000000000000e+01 6.600000000000000000e+01
1.197000000000000000e+03 4.540000000000000000e+02 1.310000000000000000e+02 6.600000000000000000e+01
1.197000000000000000e+03 4.540000000000000000e+02 1.300000000000000000e+02 6.600000000000000000e+01
1.197000000000000000e+03 4.540000000000000000e+02 1.300000000000000000e+02 6.600000000000000000e+01
1.197000000000000000e+03 4.540000000000000000e+02 1.300000000000000000e+02 6.700000000000000000e+01
1.482000000000000000e+03 4.210000000000000000e+02 1.390000000000000000e+02 1.590000000000000000e+02
1.480000000000000000e+03 4.200000000000000000e+02 1.410000000000000000e+02 1.590000000000000000e+02
2.060000000000000000e+02 4.600000000000000000e+02 2.030000000000000000e+02 1.120000000000000000e+02
2.050000000000000000e+02 4.600000000000000000e+02 2.030000000000000000e+02 1.100000000000000000e+02
4.770000000000000000e+02 4.930000000000000000e+02 3.100000000000000000e+01 4.700000000000000000e+01
5.140000000000000000e+02 4.630000000000000000e+02 9.500000000000000000e+01 6.800000000000000000e+01
5.140000000000000000e+02 4.630000000000000000e+02 9.500000000000000000e+01 6.800000000000000000e+01
5.140000000000000000e+02 4.630000000000000000e+02 9.500000000000000000e+01 6.800000000000000000e+01
1.196000000000000000e+03 4.540000000000000000e+02 1.320000000000000000e+02 6.600000000000000000e+01
1.197000000000000000e+03 4.540000000000000000e+02 1.300000000000000000e+02 6.600000000000000000e+01
1.198000000000000000e+03 4.550000000000000000e+02 1.300000000000000000e+02 6.600000000000000000e+01
1.481000000000000000e+03 4.200000000000000000e+02 1.400000000000000000e+02 1.600000000000000000e+02
1.481000000000000000e+03 4.200000000000000000e+02 1.390000000000000000e+02 1.590000000000000000e+02
1.481000000000000000e+03 4.210000000000000000e+02 1.400000000000000000e+02 1.590000000000000000e+02
3.130000000000000000e+02 5.020000000000000000e+02 1.180000000000000000e+02 6.600000000000000000e+01
4.770000000000000000e+02 4.930000000000000000e+02 3.200000000000000000e+01 4.600000000000000000e+01
5.140000000000000000e+02 4.630000000000000000e+02 9.500000000000000000e+01 6.900000000000000000e+01
1.009000000000000000e+03 4.870000000000000000e+02 1.930000000000000000e+02 9.000000000000000000e+01
1.005000000000000000e+03 4.870000000000000000e+02 1.970000000000000000e+02 9.000000000000000000e+01
1.481000000000000000e+03 4.210000000000000000e+02 1.390000000000000000e+02 1.590000000000000000e+02
1.651000000000000000e+03 4.750000000000000000e+02 6.400000000000000000e+01 5.600000000000000000e+01
1.651000000000000000e+03 4.750000000000000000e+02 6.400000000000000000e+01 5.600000000000000000e+01
3.130000000000000000e+02 5.020000000000000000e+02 1.190000000000000000e+02 6.600000000000000000e+01
3.140000000000000000e+02 5.020000000000000000e+02 1.190000000000000000e+02 6.500000000000000000e+01
4.770000000000000000e+02 4.940000000000000000e+02 3.300000000000000000e+01 4.600000000000000000e+01
1.005000000000000000e+03 4.880000000000000000e+02 1.980000000000000000e+02 9.000000000000000000e+01
1.009000000000000000e+03 4.870000000000000000e+02 1.930000000000000000e+02 9.000000000000000000e+01
1.010000000000000000e+03 4.870000000000000000e+02 1.920000000000000000e+02 9.000000000000000000e+01
2.370000000000000000e+02 5.320000000000000000e+02 4.300000000000000000e+01 7.100000000000000000e+01
3.140000000000000000e+02 5.020000000000000000e+02 1.190000000000000000e+02 6.600000000000000000e+01
1.000000000000000000e+03 4.870000000000000000e+02 2.020000000000000000e+02 8.900000000000000000e+01
1.006000000000000000e+03 4.870000000000000000e+02 1.960000000000000000e+02 9.000000000000000000e+01
1.011000000000000000e+03 4.870000000000000000e+02 1.910000000000000000e+02 9.000000000000000000e+01
2.370000000000000000e+02 5.320000000000000000e+02 4.100000000000000000e+01 7.100000000000000000e+01
2.380000000000000000e+02 5.310000000000000000e+02 4.100000000000000000e+01 7.100000000000000000e+01
1.005000000000000000e+03 4.860000000000000000e+02 1.970000000000000000e+02 9.200000000000000000e+01
1.008000000000000000e+03 4.870000000000000000e+02 1.930000000000000000e+02 9.000000000000000000e+01
2.370000000000000000e+02 5.320000000000000000e+02 4.100000000000000000e+01 7.000000000000000000e+01
2.370000000000000000e+02 5.320000000000000000e+02 4.200000000000000000e+01 7.100000000000000000e+01
2.360000000000000000e+02 5.320000000000000000e+02 4.200000000000000000e+01 7.100000000000000000e+01
1.284000000000000000e+03 6.650000000000000000e+02 4.000000000000000000e+01 9.600000000000000000e+01
1.283000000000000000e+03 6.650000000000000000e+02 4.000000000000000000e+01 9.500000000000000000e+01
1.283000000000000000e+03 6.650000000000000000e+02 4.000000000000000000e+01 9.500000000000000000e+01
1.284000000000000000e+03 6.660000000000000000e+02 3.900000000000000000e+01 9.400000000000000000e+01
1.284000000000000000e+03 6.660000000000000000e+02 3.900000000000000000e+01 9.400000000000000000e+01
1.284000000000000000e+03 6.640000000000000000e+02 3.900000000000000000e+01 9.600000000000000000e+01
1.023000000000000000e+03 7.460000000000000000e+02 1.920000000000000000e+02 9.500000000000000000e+01
1.019000000000000000e+03 7.460000000000000000e+02 1.960000000000000000e+02 9.500000000000000000e+01
1.019000000000000000e+03 7.460000000000000000e+02 1.960000000000000000e+02 9.500000000000000000e+01
1.019000000000000000e+03 7.460000000000000000e+02 1.960000000000000000e+02 9.600000000000000000e+01
1.020000000000000000e+03 7.460000000000000000e+02 1.950000000000000000e+02 9.500000000000000000e+01
1.018000000000000000e+03 7.450000000000000000e+02 1.960000000000000000e+02 9.500000000000000000e+01
1.018000000000000000e+03 7.460000000000000000e+02 1.970000000000000000e+02 9.500000000000000000e+01
1.019000000000000000e+03 7.450000000000000000e+02 1.950000000000000000e+02 9.500000000000000000e+01
1.017000000000000000e+03 7.450000000000000000e+02 1.980000000000000000e+02 9.500000000000000000e+01
1.018000000000000000e+03 7.460000000000000000e+02 1.970000000000000000e+02 9.600000000000000000e+01
5.630000000000000000e+02 1.700000000000000000e+01 1.900000000000000000e+02 1.380000000000000000e+02
5.630000000000000000e+02 1.700000000000000000e+01 1.900000000000000000e+02 1.380000000000000000e+02
1.550000000000000000e+02 3.200000000000000000e+01 2.660000000000000000e+02 1.510000000000000000e+02
1.550000000000000000e+02 3.200000000000000000e+01 2.660000000000000000e+02 1.510000000000000000e+02
1.540000000000000000e+02 3.200000000000000000e+01 2.660000000000000000e+02 1.510000000000000000e+02
5.630000000000000000e+02 1.700000000000000000e+01 1.900000000000000000e+02 1.380000000000000000e+02
5.630000000000000000e+02 1.700000000000000000e+01 1.900000000000000000e+02 1.380000000000000000e+02
5.630000000000000000e+02 1.700000000000000000e+01 1.890000000000000000e+02 1.380000000000000000e+02
1.550000000000000000e+02 3.200000000000000000e+01 2.660000000000000000e+02 1.510000000000000000e+02
1.550000000000000000e+02 3.200000000000000000e+01 2.660000000000000000e+02 1.510000000000000000e+02
1.550000000000000000e+02 3.200000000000000000e+01 2.660000000000000000e+02 1.510000000000000000e+02
5.630000000000000000e+02 1.700000000000000000e+01 1.900000000000000000e+02 1.380000000000000000e+02
5.630000000000000000e+02 1.700000000000000000e+01 1.900000000000000000e+02 1.390000000000000000e+02
5.630000000000000000e+02 1.700000000000000000e+01 1.890000000000000000e+02 1.390000000000000000e+02
1.550000000000000000e+02 3.100000000000000000e+01 2.660000000000000000e+02 1.510000000000000000e+02
1.550000000000000000e+02 3.100000000000000000e+01 2.660000000000000000e+02 1.510000000000000000e+02
1.550000000000000000e+02 3.200000000000000000e+01 2.660000000000000000e+02 1.510000000000000000e+02
5.630000000000000000e+02 1.700000000000000000e+01 1.900000000000000000e+02 1.380000000000000000e+02
5.620000000000000000e+02 1.700000000000000000e+01 1.900000000000000000e+02 1.380000000000000000e+02
1.550000000000000000e+02 3.100000000000000000e+01 2.660000000000000000e+02 1.500000000000000000e+02
1.467000000000000000e+03 1.090000000000000000e+02 3.680000000000000000e+02 2.920000000000000000e+02
1.467000000000000000e+03 1.090000000000000000e+02 3.680000000000000000e+02 2.920000000000000000e+02
1.467000000000000000e+03 1.090000000000000000e+02 3.680000000000000000e+02 2.920000000000000000e+02
1.467000000000000000e+03 1.090000000000000000e+02 3.680000000000000000e+02 2.930000000000000000e+02
1.467000000000000000e+03 1.090000000000000000e+02 3.680000000000000000e+02 2.940000000000000000e+02
1.467000000000000000e+03 1.090000000000000000e+02 3.670000000000000000e+02 2.930000000000000000e+02
1.468000000000000000e+03 1.080000000000000000e+02 3.670000000000000000e+02 2.930000000000000000e+02
1.467000000000000000e+03 1.090000000000000000e+02 3.680000000000000000e+02 2.930000000000000000e+02
1.467000000000000000e+03 1.090000000000000000e+02 3.670000000000000000e+02 2.920000000000000000e+02
1.467000000000000000e+03 1.080000000000000000e+02 3.680000000000000000e+02 2.930000000000000000e+02
1.056000000000000000e+03 3.170000000000000000e+02 6.000000000000000000e+01 6.600000000000000000e+01
1.056000000000000000e+03 3.180000000000000000e+02 5.400000000000000000e+01 6.500000000000000000e+01
4.310000000000000000e+02 3.760000000000000000e+02 2.100000000000000000e+02 1.410000000000000000e+02
4.300000000000000000e+02 3.740000000000000000e+02 2.090000000000000000e+02 1.430000000000000000e+02
4.300000000000000000e+02 3.740000000000000000e+02 2.090000000000000000e+02 1.430000000000000000e+02
4.300000000000000000e+02 3.750000000000000000e+02 2.100000000000000000e+02 1.420000000000000000e+02
4.310000000000000000e+02 3.740000000000000000e+02 2.090000000000000000e+02 1.420000000000000000e+02
4.310000000000000000e+02 3.740000000000000000e+02 2.090000000000000000e+02 1.430000000000000000e+02
4.300000000000000000e+02 3.740000000000000000e+02 2.100000000000000000e+02 1.430000000000000000e+02
9.660000000000000000e+02 3.900000000000000000e+02 1.930000000000000000e+02 1.780000000000000000e+02
9.660000000000000000e+02 3.900000000000000000e+02 1.930000000000000000e+02 1.790000000000000000e+02
9.660000000000000000e+02 3.910000000000000000e+02 1.930000000000000000e+02 1.770000000000000000e+02
2.050000000000000000e+02 4.590000000000000000e+02 2.020000000000000000e+02 1.110000000000000000e+02
4.310000000000000000e+02 3.750000000000000000e+02 2.090000000000000000e+02 1.420000000000000000e+02
4.310000000000000000e+02 3.740000000000000000e+02 2.080000000000000000e+02 1.420000000000000000e+02
4.310000000000000000e+02 3.740000000000000000e+02 2.080000000000000000e+02 1.430000000000000000e+02
7.580000000000000000e+02 4.170000000000000000e+02 1.680000000000000000e+02 1.820000000000000000e+02
9.660000000000000000e+02 3.910000000000000000e+02 1.920000000000000000e+02 1.790000000000000000e+02
9.660000000000000000e+02 3.910000000000000000e+02 1.920000000000000000e+02 1.790000000000000000e+02
9.670000000000000000e+02 3.910000000000000000e+02 1.920000000000000000e+02 1.780000000000000000e+02
1.481000000000000000e+03 4.200000000000000000e+02 1.380000000000000000e+02 1.600000000000000000e+02
2.050000000000000000e+02 4.590000000000000000e+02 2.010000000000000000e+02 1.130000000000000000e+02
2.050000000000000000e+02 4.590000000000000000e+02 2.030000000000000000e+02 1.130000000000000000e+02
2.040000000000000000e+02 4.590000000000000000e+02 2.020000000000000000e+02 1.100000000000000000e+02
7.580000000000000000e+02 4.170000000000000000e+02 1.680000000000000000e+02 1.810000000000000000e+02
7.580000000000000000e+02 4.160000000000000000e+02 1.680000000000000000e+02 1.820000000000000000e+02
7.580000000000000000e+02 4.170000000000000000e+02 1.690000000000000000e+02 1.820000000000000000e+02
9.660000000000000000e+02 3.910000000000000000e+02 1.920000000000000000e+02 1.800000000000000000e+02
9.660000000000000000e+02 3.910000000000000000e+02 1.920000000000000000e+02 1.810000000000000000e+02
9.660000000000000000e+02 3.900000000000000000e+02 1.920000000000000000e+02 1.810000000000000000e+02
1.481000000000000000e+03 4.220000000000000000e+02 1.390000000000000000e+02 1.580000000000000000e+02
1.481000000000000000e+03 4.200000000000000000e+02 1.380000000000000000e+02 1.600000000000000000e+02
2.050000000000000000e+02 4.600000000000000000e+02 2.020000000000000000e+02 1.130000000000000000e+02
2.050000000000000000e+02 4.590000000000000000e+02 2.020000000000000000e+02 1.110000000000000000e+02
7.590000000000000000e+02 4.170000000000000000e+02 1.680000000000000000e+02 1.820000000000000000e+02
7.580000000000000000e+02 4.160000000000000000e+02 1.680000000000000000e+02 1.820000000000000000e+02
7.580000000000000000e+02 4.160000000000000000e+02 1.690000000000000000e+02 1.820000000000000000e+02
9.670000000000000000e+02 3.910000000000000000e+02 1.910000000000000000e+02 1.810000000000000000e+02
1.359000000000000000e+03 4.530000000000000000e+02 1.820000000000000000e+02 1.920000000000000000e+02
1.359000000000000000e+03 4.540000000000000000e+02 1.810000000000000000e+02 1.920000000000000000e+02
1.481000000000000000e+03 4.200000000000000000e+02 1.380000000000000000e+02 1.600000000000000000e+02
5.240000000000000000e+02 4.760000000000000000e+02 2.350000000000000000e+02 1.930000000000000000e+02
5.250000000000000000e+02 4.760000000000000000e+02 2.360000000000000000e+02 1.930000000000000000e+02
5.250000000000000000e+02 4.760000000000000000e+02 2.360000000000000000e+02 1.940000000000000000e+02
7.590000000000000000e+02 4.160000000000000000e+02 1.680000000000000000e+02 1.820000000000000000e+02
7.580000000000000000e+02 4.160000000000000000e+02 1.680000000000000000e+02 1.820000000000000000e+02
7.580000000000000000e+02 4.160000000000000000e+02 1.690000000000000000e+02 1.830000000000000000e+02
1.360000000000000000e+03 4.530000000000000000e+02 1.810000000000000000e+02 1.920000000000000000e+02
1.360000000000000000e+03 4.530000000000000000e+02 1.810000000000000000e+02 1.920000000000000000e+02
1.360000000000000000e+03 4.540000000000000000e+02 1.800000000000000000e+02 1.910000000000000000e+02
5.240000000000000000e+02 4.760000000000000000e+02 2.360000000000000000e+02 1.930000000000000000e+02
5.260000000000000000e+02 4.760000000000000000e+02 2.360000000000000000e+02 1.930000000000000000e+02
5.260000000000000000e+02 4.760000000000000000e+02 2.370000000000000000e+02 1.930000000000000000e+02
1.196000000000000000e+03 5.190000000000000000e+02 2.070000000000000000e+02 1.950000000000000000e+02
1.197000000000000000e+03 5.190000000000000000e+02 2.060000000000000000e+02 1.950000000000000000e+02
1.359000000000000000e+03 4.530000000000000000e+02 1.820000000000000000e+02 1.920000000000000000e+02
1.359000000000000000e+03 4.530000000000000000e+02 1.810000000000000000e+02 1.920000000000000000e+02
1.360000000000000000e+03 4.530000000000000000e+02 1.810000000000000000e+02 1.910000000000000000e+02
5.250000000000000000e+02 4.750000000000000000e+02 2.370000000000000000e+02 1.940000000000000000e+02
5.250000000000000000e+02 4.760000000000000000e+02 2.370000000000000000e+02 1.940000000000000000e+02
5.250000000000000000e+02 4.760000000000000000e+02 2.370000000000000000e+02 1.930000000000000000e+02
1.196000000000000000e+03 5.180000000000000000e+02 2.060000000000000000e+02 1.950000000000000000e+02
1.197000000000000000e+03 5.180000000000000000e+02 2.060000000000000000e+02 1.950000000000000000e+02
1.197000000000000000e+03 5.180000000000000000e+02 2.060000000000000000e+02 1.950000000000000000e+02
1.359000000000000000e+03 4.540000000000000000e+02 1.820000000000000000e+02 1.900000000000000000e+02
1.359000000000000000e+03 4.530000000000000000e+02 1.820000000000000000e+02 1.910000000000000000e+02
2.550000000000000000e+02 5.390000000000000000e+02 2.450000000000000000e+02 2.160000000000000000e+02
2.560000000000000000e+02 5.390000000000000000e+02 2.450000000000000000e+02 2.170000000000000000e+02
2.560000000000000000e+02 5.380000000000000000e+02 2.450000000000000000e+02 2.170000000000000000e+02
5.240000000000000000e+02 4.750000000000000000e+02 2.380000000000000000e+02 1.940000000000000000e+02
1.114000000000000000e+03 5.650000000000000000e+02 1.190000000000000000e+02 1.570000000000000000e+02
1.113000000000000000e+03 5.650000000000000000e+02 1.190000000000000000e+02 1.560000000000000000e+02
1.196000000000000000e+03 5.180000000000000000e+02 2.060000000000000000e+02 1.950000000000000000e+02
1.197000000000000000e+03 5.180000000000000000e+02 2.050000000000000000e+02 1.950000000000000000e+02
1.197000000000000000e+03 5.180000000000000000e+02 2.050000000000000000e+02 1.960000000000000000e+02
2.560000000000000000e+02 5.390000000000000000e+02 2.450000000000000000e+02 2.170000000000000000e+02
2.550000000000000000e+02 5.390000000000000000e+02 2.450000000000000000e+02 2.170000000000000000e+02
2.550000000000000000e+02 5.380000000000000000e+02 2.450000000000000000e+02 2.170000000000000000e+02
1.113000000000000000e+03 5.640000000000000000e+02 1.180000000000000000e+02 1.570000000000000000e+02
1.196000000000000000e+03 5.180000000000000000e+02 2.070000000000000000e+02 1.960000000000000000e+02
1.196000000000000000e+03 5.180000000000000000e+02 2.070000000000000000e+02 1.940000000000000000e+02
2.550000000000000000e+02 5.390000000000000000e+02 2.450000000000000000e+02 2.170000000000000000e+02
2.550000000000000000e+02 5.390000000000000000e+02 2.450000000000000000e+02 2.160000000000000000e+02
2.550000000000000000e+02 5.390000000000000000e+02 2.450000000000000000e+02 2.160000000000000000e+02
9.290000000000000000e+02 5.970000000000000000e+02 2.560000000000000000e+02 2.140000000000000000e+02
9.290000000000000000e+02 5.970000000000000000e+02 2.560000000000000000e+02 2.140000000000000000e+02
9.300000000000000000e+02 5.960000000000000000e+02 2.560000000000000000e+02 2.140000000000000000e+02
1.284000000000000000e+03 6.660000000000000000e+02 4.100000000000000000e+01 9.500000000000000000e+01
2.540000000000000000e+02 5.420000000000000000e+02 2.430000000000000000e+02 2.130000000000000000e+02
9.290000000000000000e+02 5.970000000000000000e+02 2.560000000000000000e+02 2.140000000000000000e+02
9.290000000000000000e+02 5.970000000000000000e+02 2.560000000000000000e+02 2.140000000000000000e+02
9.300000000000000000e+02 5.970000000000000000e+02 2.550000000000000000e+02 2.130000000000000000e+02
1.283000000000000000e+03 6.660000000000000000e+02 4.000000000000000000e+01 9.400000000000000000e+01
9.290000000000000000e+02 5.960000000000000000e+02 2.560000000000000000e+02 2.150000000000000000e+02
9.290000000000000000e+02 5.960000000000000000e+02 2.560000000000000000e+02 2.140000000000000000e+02
9.290000000000000000e+02 5.960000000000000000e+02 2.550000000000000000e+02 2.140000000000000000e+02
1.284000000000000000e+03 6.660000000000000000e+02 3.900000000000000000e+01 9.300000000000000000e+01
6.610000000000000000e+02 6.850000000000000000e+02 2.300000000000000000e+02 2.270000000000000000e+02
9.280000000000000000e+02 5.960000000000000000e+02 2.570000000000000000e+02 2.120000000000000000e+02
6.620000000000000000e+02 6.840000000000000000e+02 2.290000000000000000e+02 2.280000000000000000e+02
6.620000000000000000e+02 6.850000000000000000e+02 2.290000000000000000e+02 2.280000000000000000e+02
6.620000000000000000e+02 6.850000000000000000e+02 2.280000000000000000e+02 2.280000000000000000e+02
6.620000000000000000e+02 6.840000000000000000e+02 2.290000000000000000e+02 2.280000000000000000e+02
6.620000000000000000e+02 6.850000000000000000e+02 2.290000000000000000e+02 2.270000000000000000e+02
6.630000000000000000e+02 6.850000000000000000e+02 2.280000000000000000e+02 2.270000000000000000e+02
6.620000000000000000e+02 6.850000000000000000e+02 2.290000000000000000e+02 2.270000000000000000e+02
6.630000000000000000e+02 6.850000000000000000e+02 2.280000000000000000e+02 2.270000000000000000e+02
6.630000000000000000e+02 6.850000000000000000e+02 2.270000000000000000e+02 2.270000000000000000e+02
2.850000000000000000e+02 7.590000000000000000e+02 3.380000000000000000e+02 3.190000000000000000e+02
2.850000000000000000e+02 7.590000000000000000e+02 3.370000000000000000e+02 3.190000000000000000e+02
2.850000000000000000e+02 7.590000000000000000e+02 3.380000000000000000e+02 3.200000000000000000e+02
2.840000000000000000e+02 7.590000000000000000e+02 3.390000000000000000e+02 3.200000000000000000e+02
2.850000000000000000e+02 7.590000000000000000e+02 3.380000000000000000e+02 3.200000000000000000e+02
2.850000000000000000e+02 7.590000000000000000e+02 3.370000000000000000e+02 3.210000000000000000e+02
2.840000000000000000e+02 7.590000000000000000e+02 3.380000000000000000e+02 3.200000000000000000e+02
2.850000000000000000e+02 7.590000000000000000e+02 3.380000000000000000e+02 3.200000000000000000e+02
2.850000000000000000e+02 7.590000000000000000e+02 3.380000000000000000e+02 3.200000000000000000e+02
2.850000000000000000e+02 7.590000000000000000e+02 3.390000000000000000e+02 3.190000000000000000e+02
