3.350000000000000000e+02
3.050000000000000000e+02
2.870000000000000000e+02
2.830000000000000000e+02
1.330000000000000000e+02
3.230000000000000000e+02
2.090000000000000000e+02
2.670000000000000000e+02
2.510000000000000000e+02
2.570000000000000000e+02
2.190000000000000000e+02
2.700000000000000000e+02
2.340000000000000000e+02
6.400000000000000000e+01
1.910000000000000000e+02
2.560000000000000000e+02
1.800000000000000000e+02
1.010000000000000000e+02
9.500000000000000000e+01
1.140000000000000000e+02
5.900000000000000000e+01
3.120000000000000000e+02
1.280000000000000000e+02
7.800000000000000000e+01
2.410000000000000000e+02
1.600000000000000000e+01
3.400000000000000000e+01
8.000000000000000000e+00
4.900000000000000000e+01
5.300000000000000000e+01
9.200000000000000000e+01
1.620000000000000000e+02
1.380000000000000000e+02
1.540000000000000000e+02
1.000000000000000000e+00
9.100000000000000000e+01
2.980000000000000000e+02
1.570000000000000000e+02
1.200000000000000000e+01
4.000000000000000000e+00
