3.135474324226379395e-01
3.603818714618682861e-01
3.068103194236755371e-01
3.141270577907562256e-01
3.077522516250610352e-01
3.056306540966033936e-01
3.756604194641113281e-01
3.720227181911468506e-01
4.604606628417968750e-01
3.917188048362731934e-01
3.550519645214080811e-01
4.041415750980377197e-01
3.084332644939422607e-01
3.057596683502197266e-01
3.699436783790588379e-01
4.009197950363159180e-01
4.737472236156463623e-01
4.540366828441619873e-01
4.178448617458343506e-01
4.609654545783996582e-01
4.444745779037475586e-01
3.368609845638275146e-01
3.517663180828094482e-01
3.636128008365631104e-01
3.820833563804626465e-01
3.285360336303710938e-01
3.461850583553314209e-01
4.388319551944732666e-01
4.555293619632720947e-01
4.553825855255126953e-01
3.857316076755523682e-01
4.233590960502624512e-01
3.848211467266082764e-01
4.532677531242370605e-01
4.627404212951660156e-01
5.039784312248229980e-01
5.769851803779602051e-01
3.833076059818267822e-01
3.697726726531982422e-01
3.403838276863098145e-01
4.414887726306915283e-01
4.271390736103057861e-01
4.063429832458496094e-01
4.370077252388000488e-01
3.645806908607482910e-01
4.310934245586395264e-01
4.184577465057373047e-01
5.778811573982238770e-01
6.207327842712402344e-01
4.515942037105560303e-01
3.565992414951324463e-01
3.436504602432250977e-01
4.268200993537902832e-01
4.418488144874572754e-01
4.251434206962585449e-01
3.436698317527770996e-01
7.567957639694213867e-01
7.095937132835388184e-01
6.012486219406127930e-01
6.247454881668090820e-01
3.373669385910034180e-01
3.946353495121002197e-01
4.018134176731109619e-01
7.664884924888610840e-01
7.817549109458923340e-01
7.283047437667846680e-01
5.790136456489562988e-01
5.847506523132324219e-01
4.981884062290191650e-01
5.183027982711791992e-01
4.902912676334381104e-01
7.500756978988647461e-01
7.544476389884948730e-01
7.188550233840942383e-01
5.678493976593017578e-01
5.668346285820007324e-01
5.451865196228027344e-01
5.157082676887512207e-01
5.693392157554626465e-01
5.016763210296630859e-01
3.546159565448760986e-01
3.153022229671478271e-01
4.004953801631927490e-01
6.977905631065368652e-01
7.129550576210021973e-01
6.562976837158203125e-01
6.690213680267333984e-01
6.561944484710693359e-01
4.919236302375793457e-01
5.033910870552062988e-01
4.882289469242095947e-01
3.466027379035949707e-01
4.406144618988037109e-01
4.103131592273712158e-01
3.864099681377410889e-01
6.796695590019226074e-01
6.469308733940124512e-01
6.076612472534179688e-01
3.014712929725646973e-01
3.463823795318603516e-01
6.652885675430297852e-01
6.920228600502014160e-01
6.332201361656188965e-01
6.101831197738647461e-01
6.847800612449645996e-01
6.805316209793090820e-01
6.820639967918395996e-01
5.718371272087097168e-01
6.270669698715209961e-01
5.692293047904968262e-01
6.725596189498901367e-01
6.678912639617919922e-01
6.722524166107177734e-01
5.542436242103576660e-01
6.579446196556091309e-01
6.075781583786010742e-01
6.886774301528930664e-01
6.880887746810913086e-01
4.983553886413574219e-01
6.101946830749511719e-01
5.869705677032470703e-01
4.851914048194885254e-01
5.497059822082519531e-01
3.824605345726013184e-01
8.184165954589843750e-01
7.690932750701904297e-01
7.863594889640808105e-01
5.280897021293640137e-01
5.742626190185546875e-01
5.290621519088745117e-01
8.515762090682983398e-01
7.870460748672485352e-01
7.870463728904724121e-01
8.649906516075134277e-01
7.688733339309692383e-01
3.509393930435180664e-01
3.713578879833221436e-01
4.085447192192077637e-01
4.281381368637084961e-01
5.694458484649658203e-01
5.513180494308471680e-01
5.014159679412841797e-01
7.902108430862426758e-01
7.714115977287292480e-01
7.730783820152282715e-01
7.604978680610656738e-01
8.044403791427612305e-01
8.086360096931457520e-01
3.153159916400909424e-01
3.845107853412628174e-01
3.427463769912719727e-01
7.497011423110961914e-01
6.683883666992187500e-01
8.092112541198730469e-01
4.165416657924652100e-01
3.583118319511413574e-01
3.020932376384735107e-01
3.310508728027343750e-01
3.341721296310424805e-01
8.152517676353454590e-01
6.988938450813293457e-01
7.706111669540405273e-01
4.381394982337951660e-01
3.075444102287292480e-01
7.084850668907165527e-01
7.548754811286926270e-01
7.596771121025085449e-01
3.788082301616668701e-01
3.820709586143493652e-01
8.337780833244323730e-01
7.656883597373962402e-01
3.357782363891601562e-01
3.170579373836517334e-01
3.078013956546783447e-01
3.602940440177917480e-01
3.862521946430206299e-01
3.792820572853088379e-01
3.135710358619689941e-01
3.116303682327270508e-01
4.067335724830627441e-01
7.292317748069763184e-01
6.224425435066223145e-01
6.545888185501098633e-01
5.597549676895141602e-01
5.633890032768249512e-01
6.299466490745544434e-01
4.759697020053863525e-01
3.518210947513580322e-01
4.943759143352508545e-01
4.652012288570404053e-01
7.761429548263549805e-01
7.793712615966796875e-01
8.411806225776672363e-01
8.427447676658630371e-01
8.472349047660827637e-01
7.481708526611328125e-01
7.519380450248718262e-01
7.434773445129394531e-01
8.385712504386901855e-01
8.231483697891235352e-01
8.231685757637023926e-01
7.490069270133972168e-01
7.051668167114257812e-01
7.311474084854125977e-01
8.302052021026611328e-01
8.120054602622985840e-01
8.052255511283874512e-01
6.945109367370605469e-01
6.767694950103759766e-01
8.516987562179565430e-01
8.079913258552551270e-01
8.025690317153930664e-01
7.998549938201904297e-01
8.074125051498413086e-01
8.129263520240783691e-01
8.132346272468566895e-01
8.027692437171936035e-01
7.958462834358215332e-01
8.012834787368774414e-01
8.161253333091735840e-01
3.730911016464233398e-01
4.643863439559936523e-01
3.373164832592010498e-01
7.608231306076049805e-01
7.992649078369140625e-01
7.346616387367248535e-01
7.749171257019042969e-01
7.821096181869506836e-01
7.975307703018188477e-01
7.837656140327453613e-01
7.905755639076232910e-01
7.588440179824829102e-01
3.664876818656921387e-01
7.379012703895568848e-01
8.015188574790954590e-01
7.843527793884277344e-01
7.472406029701232910e-01
8.238019943237304688e-01
7.942020893096923828e-01
8.032501935958862305e-01
7.995679378509521484e-01
5.619338154792785645e-01
5.360308885574340820e-01
4.820959866046905518e-01
6.755989789962768555e-01
7.345036268234252930e-01
7.375451922416687012e-01
8.147689104080200195e-01
8.072062134742736816e-01
8.125361800193786621e-01
8.203369379043579102e-01
8.419870138168334961e-01
4.024884402751922607e-01
4.598399400711059570e-01
7.097935676574707031e-01
7.448698282241821289e-01
7.509415149688720703e-01
8.358892202377319336e-01
8.374550342559814453e-01
8.204509019851684570e-01
7.894496321678161621e-01
8.080184459686279297e-01
7.635146379470825195e-01
7.548118233680725098e-01
7.061576843261718750e-01
7.010146975517272949e-01
7.154194712638854980e-01
8.466374874114990234e-01
8.338869214057922363e-01
8.342166543006896973e-01
8.129420280456542969e-01
7.686014175415039062e-01
7.624275684356689453e-01
8.767893910408020020e-01
8.613520860671997070e-01
8.233894705772399902e-01
8.343109488487243652e-01
8.253318071365356445e-01
7.797653675079345703e-01
7.843881249427795410e-01
7.627122998237609863e-01
8.757023215293884277e-01
8.646847605705261230e-01
8.863199353218078613e-01
8.406072854995727539e-01
8.316995501518249512e-01
8.612185716629028320e-01
8.928165435791015625e-01
8.793718814849853516e-01
8.101177215576171875e-01
3.173575401306152344e-01
3.224156498908996582e-01
8.622937798500061035e-01
8.600729703903198242e-01
8.588925600051879883e-01
8.857282996177673340e-01
8.875383138656616211e-01
8.753691315650939941e-01
3.464987277984619141e-01
8.744031190872192383e-01
8.700579404830932617e-01
8.839516043663024902e-01
8.790238499641418457e-01
8.755757212638854980e-01
8.866876959800720215e-01
8.936699628829956055e-01
8.758587241172790527e-01
4.576841890811920166e-01
7.589591145515441895e-01
8.807783126831054688e-01
8.924087882041931152e-01
8.839483261108398438e-01
6.140830516815185547e-01
8.583976626396179199e-01
8.634697794914245605e-01
8.562479615211486816e-01
5.911635160446166992e-01
8.085068464279174805e-01
8.531724810600280762e-01
8.383074998855590820e-01
8.404734134674072266e-01
8.441557884216308594e-01
8.447231054306030273e-01
8.567457199096679688e-01
8.475923538208007812e-01
8.498189449310302734e-01
8.562526702880859375e-01
8.487547039985656738e-01
9.066155552864074707e-01
9.236410856246948242e-01
9.192626476287841797e-01
9.161867499351501465e-01
9.285743832588195801e-01
9.184629917144775391e-01
9.224154949188232422e-01
9.299650788307189941e-01
9.186199903488159180e-01
9.095767736434936523e-01
